3 layers 64 neurons
[0.43057617, 0.36243092, 0.32073907 0.30874688, 0.3085978, 0.30992511,
 0.3178998 , 0.3272715 , 0.33773245 0.35127132, 0.35475239, 0.36672986,
 0.37752094, 0.3798836 , 0.37980511]
[0.34934753, 0.26957227, 0.26388629, 0.25369257, 0.26902615, 0.27084306,
 0.27564299, 0.27305316, 0.28591663, 0.30299709, 0.30691187, 0.32773388,
 0.34573858, 0.34260674, 0.34114371]
[3.38681245, 3.2773037 , 3.19620895, 3.1888082 , 3.18631363, 3.21140528,
 3.2378428, 3.25048947, 3.28493094, 3.34014225, 3.33338356, 3.37551951,
 3.40921879, 3.40317965, 3.40355229]

3 layers 16 neurons
[0.43057617, 0.36243092, 0.32073907, 0.30874688, 0.3085978 , 0.30992511,
 0.3178998 , 0.3272715 , 0.33773245, 0.35127132, 0.35475239, 0.36672986,
 0.37752094, 0.3798836,  0.37980511]
[0.34934753, 0.26957227, 0.26388629, 0.25369257, 0.26902615, 0.27084306,
 0.27564299, 0.27305316, 0.28591663, 0.30299709, 0.30691187, 0.32773388,
 0.34573858, 0.34260674, 0.34114371]
[3.38681245, 3.2773037 , 3.19620895, 3.1888082 , 3.18631363, 3.21140528,
 3.2378428 , 3.25048947, 3.28493094, 3.34014225, 3.33338356, 3.37551951,
 3.40921879, 3.40317965, 3.40355229]

3 layers 8 neurons
[0.56144302, 0.50303814, 0.47611973, 0.45963878, 0.45340791, 0.44523452,
 0.43427231, 0.42363094, 0.40945317, 0.40259121, 0.39545243, 0.38970104,
 0.38137804, 0.37594083, 0.37075705]
[0.50954953, 0.48558109, 0.46767188, 0.4420006 , 0.44549476, 0.43559975,
 0.41705426, 0.40311831, 0.38455455, 0.37900049, 0.36712021, 0.36063105,
 0.35306981, 0.34102793, 0.33906039]
[3.59083891, 3.47828865, 3.41660714, 3.38557124, 3.34680271, 3.31605577,
 3.30446696, 3.29691291, 3.2907052 , 3.2656846 , 3.25576448, 3.23130202,
 3.23616028, 3.2424686, 3.24012351]

CNN
[0.68074023 0.64629516 0.65345453 0.64359612 0.63283996 0.63100533
 0.62926777 0.62916248 0.62912132 0.62909566 0.62907817 0.62906684
 0.6290598  0.62905549 0.62905271]
[0.72230429 0.65518482 0.65905302 0.65526909 0.65135389 0.65318859
 0.65382046 0.65505357 0.65578197 0.65622513 0.65648524 0.65663696
 0.65672535 0.65677678 0.65680688]
[3.52986884 3.38089943 3.39758325 3.42287326 3.45390987 3.4598434
 3.46587563 3.46570849 3.46560621 3.46554327 3.4655056  3.46548271
 3.46546912 3.46546125 3.46545649]